var o, p;
o = [
	List.prNew,  Array.prNew(1482)
];
p = [
	// List
	0, [ array: o[1] ],  
	// Array
	1, [ 46,  50,  53,  57,  
		60,  63,  60,  57,  
		53,  50,  46,  48,  
		50,  51,  52,  54,  
		56,  57,  58,  60,  
		62,  63,  64,  66,  
		68,  69,  44,  48,  
		51,  55,  58,  61,  
		58,  55,  51,  48,  
		44,  46,  48,  49,  
		50,  52,  54,  55,  
		56,  58,  60,  61,  
		62,  64,  66,  67,  
		42,  46,  49,  53,  
		56,  59,  56,  53,  
		49,  46,  42,  44,  
		46,  47,  48,  50,  
		52,  53,  54,  56,  
		58,  59,  60,  62,  
		64,  65,  48,  52,  
		55,  59,  62,  65,  
		62,  59,  55,  52,  
		48,  50,  52,  53,  
		54,  56,  58,  59,  
		60,  62,  64,  65,  
		66,  68,  70,  71,  
		44,  48,  51,  55,  
		58,  61,  58,  55,  
		51,  48,  44,  46,  
		48,  49,  50,  52,  
		54,  55,  56,  58,  
		60,  61,  62,  64,  
		66,  67,  40,  44,  
		47,  51,  54,  57,  
		54,  51,  47,  44,  
		40,  42,  44,  45,  
		46,  48,  50,  51,  
		52,  54,  56,  57,  
		58,  60,  62,  63,  
		48,  52,  55,  59,  
		62,  65,  62,  59,  
		55,  52,  48,  50,  
		52,  53,  54,  56,  
		58,  59,  60,  62,  
		64,  65,  66,  68,  
		70,  71,  40,  44,  
		47,  51,  54,  57,  
		54,  51,  47,  44,  
		40,  42,  44,  45,  
		46,  48,  50,  51,  
		52,  54,  56,  57,  
		58,  60,  62,  63,  
		44,  48,  51,  55,  
		58,  61,  58,  55,  
		51,  48,  44,  46,  
		48,  49,  50,  52,  
		54,  55,  56,  58,  
		60,  61,  62,  64,  
		66,  67,  40,  44,  
		47,  51,  54,  57,  
		54,  51,  47,  44,  
		40,  42,  44,  45,  
		46,  48,  50,  51,  
		52,  54,  56,  57,  
		58,  60,  62,  63,  
		46,  50,  53,  57,  
		60,  63,  60,  57,  
		53,  50,  46,  48,  
		50,  51,  52,  54,  
		56,  57,  58,  60,  
		62,  63,  64,  66,  
		68,  69,  48,  52,  
		55,  59,  62,  65,  
		62,  59,  55,  52,  
		48,  50,  52,  53,  
		54,  56,  58,  59,  
		60,  62,  64,  65,  
		66,  68,  70,  71,  
		38,  42,  45,  49,  
		52,  55,  52,  49,  
		45,  42,  38,  40,  
		42,  43,  44,  46,  
		48,  49,  50,  52,  
		54,  55,  56,  58,  
		60,  61,  46,  50,  
		53,  57,  60,  63,  
		60,  57,  53,  50,  
		46,  48,  50,  51,  
		52,  54,  56,  57,  
		58,  60,  62,  63,  
		64,  66,  68,  69,  
		38,  42,  45,  49,  
		52,  55,  52,  49,  
		45,  42,  38,  40,  
		42,  43,  44,  46,  
		48,  49,  50,  52,  
		54,  55,  56,  58,  
		60,  61,  44,  48,  
		51,  55,  58,  61,  
		58,  55,  51,  48,  
		44,  46,  48,  49,  
		50,  52,  54,  55,  
		56,  58,  60,  61,  
		62,  64,  66,  67,  
		48,  52,  55,  59,  
		62,  65,  62,  59,  
		55,  52,  48,  50,  
		52,  53,  54,  56,  
		58,  59,  60,  62,  
		64,  65,  66,  68,  
		70,  71,  44,  48,  
		51,  55,  58,  61,  
		58,  55,  51,  48,  
		44,  46,  48,  49,  
		50,  52,  54,  55,  
		56,  58,  60,  61,  
		62,  64,  66,  67,  
		48,  52,  55,  59,  
		62,  65,  62,  59,  
		55,  52,  48,  50,  
		52,  53,  54,  56,  
		58,  59,  60,  62,  
		64,  65,  66,  68,  
		70,  71,  42,  46,  
		49,  53,  56,  59,  
		56,  53,  49,  46,  
		42,  44,  46,  47,  
		48,  50,  52,  53,  
		54,  56,  58,  59,  
		60,  62,  64,  65,  
		44,  48,  51,  55,  
		58,  61,  58,  55,  
		51,  48,  44,  46,  
		48,  49,  50,  52,  
		54,  55,  56,  58,  
		60,  61,  62,  64,  
		66,  67,  46,  50,  
		53,  57,  60,  63,  
		60,  57,  53,  50,  
		46,  48,  50,  51,  
		52,  54,  56,  57,  
		58,  60,  62,  63,  
		64,  66,  68,  69,  
		40,  44,  47,  51,  
		54,  57,  54,  51,  
		47,  44,  40,  42,  
		44,  45,  46,  48,  
		50,  51,  52,  54,  
		56,  57,  58,  60,  
		62,  63,  44,  48,  
		51,  55,  58,  61,  
		58,  55,  51,  48,  
		44,  46,  48,  49,  
		50,  52,  54,  55,  
		56,  58,  60,  61,  
		62,  64,  66,  67,  
		46,  50,  53,  57,  
		60,  63,  60,  57,  
		53,  50,  46,  48,  
		50,  51,  52,  54,  
		56,  57,  58,  60,  
		62,  63,  64,  66,  
		68,  69,  44,  48,  
		51,  55,  58,  61,  
		58,  55,  51,  48,  
		44,  46,  48,  49,  
		50,  52,  54,  55,  
		56,  58,  60,  61,  
		62,  64,  66,  67,  
		48,  52,  55,  59,  
		62,  65,  62,  59,  
		55,  52,  48,  50,  
		52,  53,  54,  56,  
		58,  59,  60,  62,  
		64,  65,  66,  68,  
		70,  71,  46,  50,  
		53,  57,  60,  63,  
		60,  57,  53,  50,  
		46,  48,  50,  51,  
		52,  54,  56,  57,  
		58,  60,  62,  63,  
		64,  66,  68,  69,  
		44,  48,  51,  55,  
		58,  61,  58,  55,  
		51,  48,  44,  46,  
		48,  49,  50,  52,  
		54,  55,  56,  58,  
		60,  61,  62,  64,  
		66,  67,  46,  50,  
		53,  57,  60,  63,  
		60,  57,  53,  50,  
		46,  48,  50,  51,  
		52,  54,  56,  57,  
		58,  60,  62,  63,  
		64,  66,  68,  69,  
		42,  46,  49,  53,  
		56,  59,  56,  53,  
		49,  46,  42,  44,  
		46,  47,  48,  50,  
		52,  53,  54,  56,  
		58,  59,  60,  62,  
		64,  65,  40,  44,  
		47,  51,  54,  57,  
		54,  51,  47,  44,  
		40,  42,  44,  45,  
		46,  48,  50,  51,  
		52,  54,  56,  57,  
		58,  60,  62,  63,  
		44,  48,  51,  55,  
		58,  61,  58,  55,  
		51,  48,  44,  46,  
		48,  49,  50,  52,  
		54,  55,  56,  58,  
		60,  61,  62,  64,  
		66,  67,  42,  46,  
		49,  53,  56,  59,  
		56,  53,  49,  46,  
		42,  44,  46,  47,  
		48,  50,  52,  53,  
		54,  56,  58,  59,  
		60,  62,  64,  65,  
		40,  44,  47,  51,  
		54,  57,  54,  51,  
		47,  44,  40,  42,  
		44,  45,  46,  48,  
		50,  51,  52,  54,  
		56,  57,  58,  60,  
		62,  63,  46,  50,  
		53,  57,  60,  63,  
		60,  57,  53,  50,  
		46,  48,  50,  51,  
		52,  54,  56,  57,  
		58,  60,  62,  63,  
		64,  66,  68,  69,  
		40,  44,  47,  51,  
		54,  57,  54,  51,  
		47,  44,  40,  42,  
		44,  45,  46,  48,  
		50,  51,  52,  54,  
		56,  57,  58,  60,  
		62,  63,  42,  46,  
		49,  53,  56,  59,  
		56,  53,  49,  46,  
		42,  44,  46,  47,  
		48,  50,  52,  53,  
		54,  56,  58,  59,  
		60,  62,  64,  65,  
		48,  52,  55,  59,  
		62,  65,  62,  59,  
		55,  52,  48,  50,  
		52,  53,  54,  56,  
		58,  59,  60,  62,  
		64,  65,  66,  68,  
		70,  71,  40,  44,  
		47,  51,  54,  57,  
		54,  51,  47,  44,  
		40,  42,  44,  45,  
		46,  48,  50,  51,  
		52,  54,  56,  57,  
		58,  60,  62,  63,  
		46,  50,  53,  57,  
		60,  63,  60,  57,  
		53,  50,  46,  48,  
		50,  51,  52,  54,  
		56,  57,  58,  60,  
		62,  63,  64,  66,  
		68,  69,  40,  44,  
		47,  51,  54,  57,  
		54,  51,  47,  44,  
		40,  42,  44,  45,  
		46,  48,  50,  51,  
		52,  54,  56,  57,  
		58,  60,  62,  63,  
		46,  50,  53,  57,  
		60,  63,  60,  57,  
		53,  50,  46,  48,  
		50,  51,  52,  54,  
		56,  57,  58,  60,  
		62,  63,  64,  66,  
		68,  69,  40,  44,  
		47,  51,  54,  57,  
		54,  51,  47,  44,  
		40,  42,  44,  45,  
		46,  48,  50,  51,  
		52,  54,  56,  57,  
		58,  60,  62,  63,  
		38,  42,  45,  49,  
		52,  55,  52,  49,  
		45,  42,  38,  40,  
		42,  43,  44,  46,  
		48,  49,  50,  52,  
		54,  55,  56,  58,  
		60,  61,  48,  52,  
		55,  59,  62,  65,  
		62,  59,  55,  52,  
		48,  50,  52,  53,  
		54,  56,  58,  59,  
		60,  62,  64,  65,  
		66,  68,  70,  71,  
		46,  50,  53,  57,  
		60,  63,  60,  57,  
		53,  50,  46,  48,  
		50,  51,  52,  54,  
		56,  57,  58,  60,  
		62,  63,  64,  66,  
		68,  69,  38,  42,  
		45,  49,  52,  55,  
		52,  49,  45,  42,  
		38,  40,  42,  43,  
		44,  46,  48,  49,  
		50,  52,  54,  55,  
		56,  58,  60,  61,  
		42,  46,  49,  53,  
		56,  59,  56,  53,  
		49,  46,  42,  44,  
		46,  47,  48,  50,  
		52,  53,  54,  56,  
		58,  59,  60,  62,  
		64,  65,  38,  42,  
		45,  49,  52,  55,  
		52,  49,  45,  42,  
		38,  40,  42,  43,  
		44,  46,  48,  49,  
		50,  52,  54,  55,  
		56,  58,  60,  61,  
		44,  48,  51,  55,  
		58,  61,  58,  55,  
		51,  48,  44,  46,  
		48,  49,  50,  52,  
		54,  55,  56,  58,  
		60,  61,  62,  64,  
		66,  67,  40,  44,  
		47,  51,  54,  57,  
		54,  51,  47,  44,  
		40,  42,  44,  45,  
		46,  48,  50,  51,  
		52,  54,  56,  57,  
		58,  60,  62,  63,  
		46,  50,  53,  57,  
		60,  63,  60,  57,  
		53,  50,  46,  48,  
		50,  51,  52,  54,  
		56,  57,  58,  60,  
		62,  63,  64,  66,  
		68,  69,  44,  48,  
		51,  55,  58,  61,  
		58,  55,  51,  48,  
		44,  46,  48,  49,  
		50,  52,  54,  55,  
		56,  58,  60,  61,  
		62,  64,  66,  67,  
		46,  50,  53,  57,  
		60,  63,  60,  57,  
		53,  50,  46,  48,  
		50,  51,  52,  54,  
		56,  57,  58,  60,  
		62,  63,  64,  66,  
		68,  69,  40,  44,  
		47,  51,  54,  57,  
		54,  51,  47,  44,  
		40,  42,  44,  45,  
		46,  48,  50,  51,  
		52,  54,  56,  57,  
		58,  60,  62,  63,  
		46,  50,  53,  57,  
		60,  63,  60,  57,  
		53,  50,  46,  48,  
		50,  51,  52,  54,  
		56,  57,  58,  60,  
		62,  63,  64,  66,  
		68,  69 ]
];
prUnarchive(o,p);
